[ 36.84210526  18.42105263  15.78947368  15.78947368  21.05263158
  13.15789474  36.84210526  52.63157895  42.10526316  28.94736842
  31.57894737  13.15789474  52.63157895  63.15789474  26.31578947
  34.21052632  21.05263158  78.94736842  28.94736842  76.31578947
 126.31578947  84.21052632  71.05263158  84.21052632 134.21052632
  47.36842105  44.73684211  52.63157895  63.15789474  36.84210526
  26.31578947  52.63157895  47.36842105  42.10526316  44.73684211
  50.          65.78947368  71.05263158  18.42105263  18.42105263
  39.47368421  36.84210526  52.63157895  71.05263158  44.73684211
  21.05263158  50.          42.10526316  65.78947368  44.73684211
  21.05263158  28.94736842  55.26315789  15.78947368  52.63157895
  39.47368421  44.73684211  57.89473684  52.63157895  31.57894737
  36.84210526  18.42105263  39.47368421  28.94736842  47.36842105
  47.36842105  23.68421053  26.31578947  23.68421053  60.52631579
  28.94736842  28.94736842]
[1175.99969546  554.5886202   545.49396999  472.93772002  625.36417254
  316.80341035 1328.06765598 1627.02983851  829.57798352  939.74181266
 1125.60306244  459.31042082 1407.47059352 1565.43155816  926.50165144
 1190.147179    450.9679315  1652.56228649 1022.18091913 1891.83644642
 2875.78972547 2342.23998171 1655.76272455 1954.57618543 2876.70555762
 1215.08151317 1392.02854674 1368.58012934 1743.75957344 1120.28812421
  532.60709675  979.58471208 1564.95761243  955.28437644 1044.18284187
  966.02050256 1556.56618095 1468.87404297  591.33060574  458.26200862
 1040.87465265 1142.33888441 1331.19272118 1993.53986652 1263.76841251
  613.24262166 1270.35439337 1569.88887386 1891.44940414 1049.75422845
  747.48080091  920.55775725 1866.24786447  488.34556437 1752.39995691
  923.780834    828.80950983 1550.93699166 1476.52404719  953.98647595
 1140.15598872  575.12608444 1219.73646839 1006.66496721 1581.48406882
 1612.59758096  591.34461422  651.29829801  481.53641466 1403.46079647
  716.98758546  743.69085155]